2014,792,191
2014,889,187
2014,989,118
2014,863,7
2014,977,405
2014,780,523
2014,920,136
2014,763,2
2014,934,525
2014,894,114
2014,877,1298
2014,991,130
2014,794,291
2014,951,227
2014,711,1941
2014,868,463
2014,965,348
2014,908,111
2014,782,727
2014,939,239
2014,742,107
2014,882,202
2014,979,333
2014,896,85
2014,856,6
2014,996,209
2014,799,298
2014,716,496
2014,970,231
2014,813,83
2014,953,344
2014,913,18
2014,870,3162
2014,730,1
2014,984,157
2014,998,670
2014,858,577
2014,958,278
2014,801,385
2014,761,3
2014,972,416
2014,932,495
2014,915,5
2014,875,974
2014,718,44
2014,929,587
2014,872,914
2014,715,1165
2014,969,473
2014,886,139
2014,986,141
2014,960,142
2014,917,243
2014,760,8
2014,860,384
2014,874,574
2014,974,434
2014,891,35
2014,988,208
2014,931,557
2014,808,164
2014,948,267
2014,962,283
2014,922,1245
2014,765,2
2014,905,238
2014,708,1880
2014,865,786
2014,879,124
2014,722,93
2014,822,142
2014,739,34
2014,993,126
2014,836,136
2014,779,596
2014,936,95
2014,796,190
2014,893,141
2014,967,287
2014,810,62
2014,770,1
2014,910,179
2014,713,256
2014,924,130
2014,884,1450
2014,867,1311
2014,981,248
2014,784,513
2014,941,11
2014,798,331
2014,955,299
2014,855,2
2014,909,181
2014,712,2137
2014,869,1299
2014,852,2
2014,983,196
2014,966,432
2014,926,125
2014,940,247
2014,883,1071
2014,957,469
2014,800,246
2014,743,182
2014,900,81
2014,997,324
2014,717,43
2014,871,1087
2014,971,153
2014,985,177
2014,945,286
2014,928,457
2014,888,12
2014,748,189
2014,762,5
2014,862,3
2014,959,200
2014,876,1178
2014,976,693
2014,990,125
2014,793,296
2014,933,412
2014,736,3
2014,947,53
2014,907,33
2014,890,33
2014,864,1634
2014,964,129
2014,881,671
2014,978,124
2014,921,1602
2014,838,44
2014,781,510
2014,938,312
2014,795,202
2014,952,280
2014,895,106
2014,949,167
2014,866,119
2014,963,195
2014,809,246
2014,906,28
2014,980,196
2014,783,596
2014,923,817
2014,726,1
2014,937,292
2014,880,1063
2014,854,4
2014,994,125
2014,954,440
2014,797,383
2014,714,725
2014,968,195
2014,925,230
2014,885,154
2014,982,188
2014,899,91
2014,859,823
2014,999,590
2014,973,631
2014,956,201
2014,916,141
2014,930,740
2014,873,1865
2014,887,21
2014,987,170
2014,904,319
2014,747,113
2014,707,1845
2014,944,152
2014,861,2
2014,961,356
2014,975,274
2014,935,129
2014,918,121
2014,878,1115
2014,892,188
2014,738,181
2014,992,178
2014,835,183
